4.591e-19
6.142e-19
5.017e-19
5.456e-19
4.380e-19
3.518e-19
3.200e-19
3.275e-19
3.722e-19
3.137e-19
1.272e-18
8.281e-19
8.450e-19
9.190e-19
8.868e-19
1.408e-18
1.348e-18
1.142e-18
1.142e-18
1.371e-18
1.561e-18
1.174e-18
1.253e-18
1.203e-18
1.329e-18
3.644e-19
6.984e-19
5.428e-19
4.798e-19
6.403e-19
7.419e-19
8.883e-19
7.661e-19
9.825e-19
7.612e-19
5.057e-19
4.872e-19
4.986e-19
4.660e-19
4.523e-19
2.787e-19
3.056e-19
3.021e-19
3.110e-19
3.777e-19
9.694e-19
8.428e-19
9.574e-19
7.820e-19
8.487e-19
1.145e-18
1.159e-18
1.267e-18
1.140e-18
1.334e-18
1.282e-18
1.217e-18
1.353e-18
1.238e-18
1.365e-18
6.959e-19
5.093e-19
5.403e-19
6.833e-19
7.841e-19
8.111e-19
8.027e-19
8.212e-19
8.069e-19
