4.623E-19
6.172E-19
5.049E-19
5.488E-19
4.412E-19
3.530E-19
3.212E-19
3.287E-19
3.734E-19
3.150E-19
8.282E-19
8.451E-19
9.191E-19
8.869E-19
1.409E-18
1.349E-18
1.144E-18
1.144E-18
1.373E-18
1.176E-18
1.254E-18
1.204E-18
1.330E-18
7.030E-19
5.479E-19
4.851E-19
6.451E-19
7.437E-19
8.898E-19
7.679E-19
9.838E-19
7.630E-19
5.013E-19
4.829E-19
4.943E-19
4.618E-19
4.481E-19
2.772E-19
3.041E-19
3.006E-19
3.095E-19
3.764E-19
3.295E-19
3.311E-19
3.370E-19
3.337E-19
3.343E-19
9.683E-19
8.418E-19
9.563E-19
7.809E-19
8.476E-19
1.139E-18
1.153E-18
1.261E-18
1.134E-18
1.328E-18
1.277E-18
1.212E-18
1.348E-18
1.234E-18
1.360E-18
6.871E-19
5.010E-19
5.319E-19
6.745E-19
7.790E-19
8.059E-19
7.975E-19
8.160E-19
8.017E-19
